0
19
3 572 94200 10 1 243
4 598 93240 10 2 202
2 624 95040 10 1 178
5 638 92920 10 1 171
3 572 100000 10 1 166
1 658 93740 10 1 161
3 684 100000 10 1 108
3 758 100000 10 1 71
4 768 100000 10 1 66
5 790 100000 10 1 55
2 798 100000 10 1 51
1 808 100000 10 1 46
3 814 100000 10 1 43
4 822 100000 10 1 39
5 864 100000 10 1 18
4 872 100000 10 1 14
3 880 100000 10 1 10
2 886 100000 10 1 7
1 892 100000 10 1 4
1 1 2000
1 1 2000
1 1 2000
1 1 2000
1 1 2000
1 0 -1
0 0 0
1 1 2000
1 1 2000
1 1 2000
1 1 2000
1 0 -1
1 1 2000
1 1 2000
0 0 0
1 1 2000
1 0 -2
1 0 -1
0 0 0
1 1 2000
1 1 2000
1 1 2000
1 1 1418
1 0 -1
1 1 2000
1 1 2000
1 1 2000
1 1 2000
1 1 2000
1 0 -1
